Empieza el ciclo
2
3
13
23
43
53
73
83
5
7
17
37
47
67
13
113
313
613
23
223
523
823
43
443
643
743
53
353
653
853
73
173
373
673
773
83
283
383
683
883
17
317
617
37
137
337
47
347
547
647
67
167
367
467
113
2113
5113
6113
313
3313
613
1613
3613
223
1223
523
1523
4523
7523
823
1823
3823
6823
7823
443
5443
8443
643
3643
4643
7643
743
5743
353
6353
8353
653
5653
6653
853
3853
7853
173
6173
373
1373
3373
4373
6373
673
3673
4673
6673
7673
773
283
1283
4283
7283
383
2383
683
2683
5683
883
6883
7883
317
6317
8317
617
2617
3617
137
2137
3137
337
4337
6337
347
2347
3347
5347
547
3547
4547
6547
7547
647
2647
5647
8647
167
3167
5167
8167
367
1367
6367
467
2467
3467
8467
2113
12113
5113
6113
26113
56113
86113
3313
13313
43313
63313
1613
21613
51613
61613
3613
13613
33613
43613
73613
1223
31223
61223
81223
1523
21523
4523
84523
7523
67523
87523
1823
3823
63823
73823
6823
16823
7823
27823
5443
15443
8443
18443
68443
3643
73643
4643
7643
37643
87643
5743
75743
6353
36353
86353
8353
18353
48353
5653
75653
6653
36653
66653
3853
43853
63853
7853
37853
57853
67853
87853
6173
66173
1373
81373
3373
4373
24373
64373
6373
36373
66373
3673
73673
4673
34673
54673
84673
6673
16673
76673
7673
27673
1283
21283
51283
61283
81283
4283
34283
64283
7283
27283
57283
2383
62383
72383
2683
42683
62683
5683
15683
75683
6883
16883
66883
76883
7883
27883
67883
6317
26317
8317
38317
78317
2617
62617
72617
3617
33617
53617
63617
83617
2137
62137
3137
83137
4337
24337
34337
6337
46337
66337
2347
12347
62347
3347
33347
63347
5347
75347
3547
33547
73547
4547
24547
54547
6547
16547
7547
37547
67547
87547
2647
12647
32647
72647
5647
15647
65647
8647
48647
3167
23167
5167
65167
75167
8167
38167
78167
1367
6367
76367
2467
32467
42467
62467
72467
3467
63467
8467
78467
12113
612113
26113
326113
626113
56113
356113
656113
86113
186113
13313
513313
43313
343313
543313
63313
363313
463313
21613
721613
51613
751613
61613
661613
861613
13613
213613
313613
813613
33613
633613
43613
243613
843613
73613
273613
373613
673613
31223
231223
631223
61223
261223
361223
81223
381223
21523
121523
84523
184523
67523
267523
87523
687523
63823
463823
663823
763823
73823
373823
16823
27823
327823
727823
15443
215443
18443
318443
68443
368443
73643
273643
673643
873643
37643
87643
75743
375743
675743
36353
336353
536353
636353
86353
686353
18353
818353
48353
348353
75653
36653
236653
336653
636653
66653
566653
866653
43853
543853
63853
163853
663853
37853
337853
537853
837853
57853
67853
367853
87853
387853
66173
366173
566173
666173
81373
381373
481373
24373
64373
364373
564373
36373
136373
336373
66373
466373
766373
73673
573673
34673
234673
54673
454673
84673
384673
16673
516673
616673
76673
276673
27673
327673
627673
727673
21283
121283
721283
51283
61283
81283
181283
781283
34283
534283
834283
64283
264283
27283
427283
57283
357283
62383
72383
272383
872383
42683
542683
642683
62683
162683
15683
75683
875683
16883
516883
816883
66883
76883
276883
576883
676883
27883
427883
67883
367883
567883
667883
26317
126317
626317
38317
638317
738317
78317
378317
578317
62617
662617
72617
33617
233617
833617
53617
453617
653617
753617
63617
83617
62137
362137
83137
783137
24337
124337
34337
46337
346337
66337
12347
812347
62347
362347
33347
233347
833347
63347
75347
675347
33547
73547
24547
424547
724547
54547
454547
16547
616547
816547
37547
237547
537547
67547
367547
667547
867547
87547
187547
787547
12647
32647
132647
632647
72647
872647
15647
65647
48647
848647
23167
723167
65167
465167
75167
275167
38167
338167
78167
378167
578167
878167
76367
32467
332467
732467
42467
242467
342467
542467
62467
462467
72467
63467
563467
78467
378467
578467
878467
612113
326113
626113
3626113
4626113
356113
656113
186113
2186113
513313
3513313
343313
543313
4543313
363313
463313
2463313
8463313
721613
751613
3751613
661613
5661613
861613
7861613
213613
313613
2313613
813613
1813613
6813613
7813613
633613
243613
3243613
843613
273613
373613
6373613
673613
3673613
6673613
231223
6231223
631223
6631223
261223
1261223
4261223
361223
381223
3381223
121523
184523
8184523
267523
687523
6687523
463823
6463823
663823
7663823
763823
2763823
373823
2373823
8373823
327823
4327823
727823
215443
4215443
318443
368443
1368443
6368443
7368443
273643
6273643
673643
5673643
873643
4873643
375743
2375743
675743
3675743
8675743
336353
2336353
536353
636353
2636353
686353
1686353
818353
1818353
7818353
348353
3348353
236653
336653
636653
566653
866653
543853
6543853
7543853
163853
663853
337853
5337853
537853
1537853
4537853
837853
3837853
4837853
367853
5367853
6367853
387853
6387853
366173
2366173
566173
666173
6666173
8666173
381373
481373
8481373
364373
564373
1564373
7564373
136373
3136373
336373
6336373
466373
766373
5766373
573673
3573673
7573673
234673
4234673
6234673
454673
3454673
8454673
384673
1384673
4384673
516673
6516673
616673
2616673
3616673
276673
327673
1327673
3327673
627673
4627673
727673
8727673
121283
8121283
721283
6721283
181283
5181283
781283
534283
834283
3834283
264283
427283
5427283
8427283
357283
272383
3272383
872383
542683
642683
162683
875683
1875683
516883
1516883
6516883
816883
4816883
7816883
276883
3276883
576883
6576883
676883
6676883
8676883
427883
2427883
367883
6367883
567883
7567883
667883
2667883
126317
2126317
6126317
626317
638317
738317
2738317
6738317
378317
3378317
578317
662617
7662617
233617
3233617
7233617
833617
4833617
453617
653617
753617
5753617
362137
783137
124337
346337
6346337
812347
1812347
7812347
362347
233347
4233347
833347
1833347
675347
2675347
5675347
424547
2424547
6424547
724547
454547
616547
8616547
816547
7816547
237547
1237547
6237547
7237547
537547
6537547
367547
6367547
667547
5667547
867547
7867547
187547
5187547
787547
3787547
8787547
132647
6132647
632647
1632647
4632647
872647
3872647
848647
723167
2723167
465167
2465167
275167
6275167
338167
1338167
4338167
378167
578167
3578167
878167
6878167
332467
1332467
732467
3732467
242467
342467
6342467
542467
4542467
462467
5462467
563467
1563467
3563467
4563467
378467
578467
3578467
4578467
878467
6878467
3626113
4626113
2186113
42186113
3513313
4543313
24543313
2463313
12463313
8463313
3751613
23751613
63751613
5661613
45661613
7861613
2313613
32313613
42313613
62313613
72313613
1813613
51813613
61813613
6813613
66813613
7813613
3243613
63243613
6373613
56373613
66373613
86373613
3673613
33673613
6673613
26673613
36673613
66673613
6231223
6631223
36631223
66631223
1261223
4261223
84261223
3381223
33381223
43381223
63381223
8184523
48184523
78184523
6687523
6463823
86463823
7663823
2763823
2373823
32373823
8373823
4327823
4215443
54215443
1368443
61368443
6368443
36368443
7368443
67368443
6273643
76273643
5673643
75673643
4873643
84873643
2375743
12375743
42375743
3675743
8675743
18675743
68675743
2336353
12336353
62336353
2636353
72636353
1686353
31686353
1818353
61818353
7818353
3348353
63348353
6543853
16543853
76543853
7543853
27543853
5337853
1537853
81537853
4537853
24537853
3837853
43837853
73837853
4837853
5367853
15367853
6367853
66367853
6387853
16387853
46387853
2366173
12366173
42366173
62366173
6666173
36666173
56666173
8666173
68666173
8481373
78481373
1564373
7564373
3136373
6336373
16336373
76336373
5766373
75766373
3573673
7573673
27573673
57573673
67573673
4234673
64234673
6234673
66234673
3454673
8454673
1384673
21384673
4384673
24384673
84384673
6516673
36516673
66516673
76516673
2616673
3616673
23616673
63616673
1327673
3327673
63327673
4627673
8727673
8121283
6721283
56721283
5181283
65181283
75181283
3834283
13834283
73834283
5427283
15427283
8427283
68427283
3272383
13272383
1875683
51875683
1516883
61516883
6516883
4816883
34816883
7816883
57816883
67816883
3276883
13276883
73276883
6576883
16576883
76576883
6676883
26676883
36676883
8676883
18676883
48676883
2427883
32427883
42427883
6367883
7567883
2667883
12667883
32667883
2126317
72126317
6126317
2738317
32738317
42738317
6738317
26738317
86738317
3378317
7662617
27662617
3233617
73233617
7233617
27233617
4833617
5753617
6346337
66346337
1812347
61812347
7812347
37812347
67812347
4233347
1833347
21833347
61833347
81833347
2675347
5675347
15675347
35675347
2424547
6424547
36424547
8616547
7816547
1237547
6237547
16237547
36237547
66237547
7237547
37237547
6537547
76537547
6367547
5667547
75667547
7867547
5187547
15187547
65187547
75187547
3787547
33787547
63787547
83787547
8787547
68787547
6132647
36132647
86132647
1632647
21632647
4632647
54632647
64632647
3872647
2723167
12723167
32723167
2465167
6275167
16275167
36275167
46275167
1338167
51338167
4338167
34338167
64338167
3578167
13578167
6878167
36878167
1332467
51332467
81332467
3732467
53732467
6342467
86342467
4542467
24542467
34542467
84542467
5462467
15462467
1563467
21563467
3563467
4563467
34563467
84563467
3578467
4578467
6878467
36878467
42186113
642186113
24543313
12463313
23751613
423751613
63751613
863751613
45661613
245661613
645661613
32313613
732313613
42313613
242313613
62313613
72313613
572313613
51813613
351813613
451813613
751813613
61813613
261813613
561813613
66813613
166813613
63243613
363243613
56373613
756373613
66373613
86373613
386373613
786373613
33673613
26673613
36673613
836673613
66673613
266673613
666673613
36631223
636631223
66631223
84261223
33381223
133381223
43381223
243381223
63381223
163381223
48184523
78184523
278184523
378184523
86463823
686463823
32373823
632373823
54215443
354215443
61368443
36368443
136368443
67368443
867368443
76273643
75673643
84873643
184873643
12375743
312375743
42375743
18675743
68675743
468675743
12336353
212336353
62336353
72636353
31686353
331686353
631686353
61818353
63348353
263348353
16543853
316543853
616543853
816543853
76543853
276543853
27543853
627543853
81537853
481537853
24537853
624537853
43837853
73837853
373837853
573837853
15367853
215367853
315367853
66367853
566367853
16387853
516387853
816387853
46387853
646387853
12366173
42366173
62366173
162366173
36666173
336666173
56666173
356666173
656666173
68666173
368666173
78481373
578481373
16336373
316336373
76336373
576336373
75766373
27573673
427573673
57573673
157573673
67573673
367573673
64234673
564234673
864234673
66234673
21384673
421384673
24384673
84384673
484384673
784384673
36516673
336516673
66516673
166516673
76516673
276516673
876516673
23616673
623616673
63616673
263616673
63327673
163327673
763327673
56721283
456721283
656721283
756721283
65181283
75181283
13834283
73834283
673834283
15427283
315427283
68427283
668427283
13272383
213272383
51875683
351875683
61516883
34816883
834816883
57816883
457816883
657816883
67816883
267816883
13276883
613276883
813276883
73276883
16576883
76576883
26676883
36676883
236676883
536676883
636676883
18676883
518676883
48676883
32427883
42427883
12667883
212667883
612667883
32667883
632667883
72126317
372126317
32738317
132738317
732738317
42738317
242738317
342738317
26738317
426738317
726738317
86738317
27662617
427662617
73233617
273233617
27233617
427233617
66346337
61812347
37812347
637812347
67812347
667812347
867812347
21833347
61833347
81833347
181833347
15675347
35675347
435675347
635675347
36424547
236424547
16237547
616237547
36237547
66237547
466237547
37237547
237237547
337237547
637237547
837237547
76537547
576537547
876537547
75667547
875667547
15187547
315187547
65187547
365187547
75187547
33787547
833787547
63787547
83787547
68787547
468787547
36132647
536132647
86132647
21632647
54632647
354632647
64632647
12723167
32723167
132723167
16275167
516275167
36275167
736275167
46275167
246275167
546275167
51338167
751338167
34338167
634338167
64338167
13578167
613578167
36878167
736878167
51332467
451332467
651332467
81332467
181332467
781332467
53732467
453732467
86342467
186342467
686342467
24542467
324542467
34542467
234542467
534542467
84542467
15462467
315462467
615462467
21563467
34563467
84563467
784563467
36878467
636878467
642186113
3642186113
423751613
863751613
245661613
645661613
6645661613
732313613
2732313613
242313613
4242313613
572313613
6572313613
7572313613
351813613
451813613
3451813613
5451813613
751813613
261813613
561813613
6561813613
7561813613
166813613
363243613
1363243613
3363243613
756373613
5756373613
386373613
786373613
5786373613
8786373613
836673613
266673613
666673613
636631223
2636631223
5636631223
133381223
5133381223
243381223
3243381223
163381223
278184523
378184523
5378184523
686463823
7686463823
632373823
1632373823
7632373823
354215443
136368443
867368443
1867368443
184873643
312375743
3312375743
468675743
212336353
3212336353
4212336353
6212336353
7212336353
331686353
3331686353
631686353
6631686353
263348353
6263348353
316543853
616543853
5616543853
6616543853
816543853
1816543853
276543853
627543853
7627543853
481537853
624537853
373837853
6373837853
573837853
215367853
7215367853
315367853
566367853
1566367853
516387853
4516387853
816387853
7816387853
646387853
3646387853
162366173
3162366173
5162366173
336666173
3336666173
356666173
656666173
1656666173
4656666173
6656666173
368666173
4368666173
578481373
7578481373
316336373
6316336373
576336373
427573673
5427573673
8427573673
157573673
367573673
564234673
7564234673
864234673
6864234673
7864234673
421384673
484384673
5484384673
8484384673
784384673
336516673
1336516673
4336516673
6336516673
7336516673
166516673
276516673
876516673
623616673
6623616673
263616673
3263616673
163327673
763327673
2763327673
6763327673
456721283
3456721283
656721283
4656721283
756721283
673834283
2673834283
6673834283
315427283
8315427283
668427283
1668427283
213272383
3213272383
7213272383
351875683
834816883
1834816883
457816883
3457816883
657816883
267816883
613276883
5613276883
8613276883
813276883
4813276883
236676883
536676883
3536676883
636676883
5636676883
8636676883
518676883
1518676883
212667883
612667883
632667883
4632667883
6632667883
372126317
5372126317
6372126317
132738317
6132738317
732738317
8732738317
242738317
4242738317
342738317
2342738317
3342738317
8342738317
426738317
6426738317
726738317
427662617
2427662617
273233617
1273233617
4273233617
427233617
2427233617
637812347
2637812347
667812347
867812347
4867812347
181833347
2181833347
435675347
6435675347
635675347
3635675347
7635675347
236424547
616237547
8616237547
466237547
2466237547
237237547
6237237547
7237237547
337237547
5337237547
637237547
3637237547
8637237547
837237547
4837237547
576537547
876537547
3876537547
875667547
315187547
8315187547
365187547
1365187547
833787547
4833787547
468787547
536132647
354632647
1354632647
132723167
516275167
736275167
246275167
546275167
1546275167
3546275167
6546275167
751338167
634338167
613578167
3613578167
5613578167
736878167
5736878167
451332467
6451332467
651332467
181332467
3181332467
781332467
2781332467
453732467
8453732467
186342467
6186342467
8186342467
686342467
3686342467
324542467
1324542467
6324542467
234542467
4234542467
534542467
315462467
6315462467
615462467
3615462467
784563467
636878467
3642186113
33642186113
83642186113
6645661613
26645661613
56645661613
2732313613
4242313613
64242313613
6572313613
76572313613
7572313613
3451813613
63451813613
5451813613
15451813613
45451813613
6561813613
7561813613
27561813613
1363243613
3363243613
5756373613
15756373613
35756373613
5786373613
15786373613
35786373613
8786373613
68786373613
2636631223
5636631223
15636631223
75636631223
5133381223
75133381223
3243381223
5378184523
65378184523
7686463823
1632373823
7632373823
1867368443
21867368443
3312375743
33312375743
3212336353
4212336353
84212336353
6212336353
36212336353
7212336353
3331686353
6631686353
6263348353
46263348353
5616543853
6616543853
1816543853
31816543853
7627543853
6373837853
7215367853
27215367853
1566367853
4516387853
84516387853
7816387853
37816387853
87816387853
3646387853
3162366173
5162366173
15162366173
45162366173
3336666173
1656666173
21656666173
81656666173
4656666173
24656666173
34656666173
6656666173
36656666173
66656666173
4368666173
7578481373
87578481373
6316336373
26316336373
86316336373
5427573673
35427573673
8427573673
18427573673
38427573673
7564234673
87564234673
6864234673
66864234673
7864234673
37864234673
87864234673
5484384673
65484384673
8484384673
1336516673
4336516673
6336516673
7336516673
37336516673
6623616673
3263616673
2763327673
12763327673
6763327673
3456721283
4656721283
2673834283
6673834283
8315427283
1668427283
3213272383
7213272383
1834816883
31834816883
81834816883
3457816883
23457816883
33457816883
5613276883
35613276883
75613276883
8613276883
38613276883
4813276883
54813276883
3536676883
13536676883
5636676883
8636676883
68636676883
1518676883
4632667883
6632667883
5372126317
6372126317
6132738317
66132738317
86132738317
8732738317
18732738317
4242738317
2342738317
3342738317
8342738317
6426738317
66426738317
2427662617
42427662617
62427662617
1273233617
21273233617
31273233617
4273233617
54273233617
64273233617
2427233617
72427233617
2637812347
4867812347
54867812347
2181833347
12181833347
6435675347
56435675347
66435675347
3635675347
63635675347
7635675347
8616237547
18616237547
48616237547
2466237547
6237237547
7237237547
37237237547
5337237547
65337237547
3637237547
8637237547
4837237547
3876537547
13876537547
63876537547
73876537547
8315187547
18315187547
1365187547
51365187547
4833787547
1354632647
1546275167
51546275167
3546275167
73546275167
6546275167
36546275167
66546275167
76546275167
3613578167
53613578167
5613578167
45613578167
65613578167
5736878167
6451332467
86451332467
3181332467
53181332467
2781332467
12781332467
8453732467
38453732467
6186342467
8186342467
68186342467
3686342467
1324542467
6324542467
4234542467
6315462467
3615462467
33642186113
83642186113
383642186113
26645661613
626645661613
56645661613
356645661613
456645661613
64242313613
264242313613
76572313613
576572313613
63451813613
15451813613
815451813613
45451813613
345451813613
27561813613
327561813613
15756373613
35756373613
335756373613
735756373613
15786373613
215786373613
35786373613
335786373613
68786373613
15636631223
615636631223
75636631223
75133381223
275133381223
65378184523
165378184523
21867368443
321867368443
421867368443
33312375743
333312375743
84212336353
784212336353
36212336353
46263348353
31816543853
231816543853
27215367853
627215367853
84516387853
684516387853
37816387853
637816387853
87816387853
387816387853
15162366173
615162366173
45162366173
545162366173
21656666173
421656666173
81656666173
24656666173
34656666173
36656666173
66656666173
166656666173
666656666173
766656666173
87578481373
26316336373
326316336373
86316336373
786316336373
35427573673
18427573673
518427573673
38427573673
438427573673
87564234673
687564234673
66864234673
766864234673
37864234673
837864234673
87864234673
387864234673
487864234673
65484384673
765484384673
37336516673
12763327673
31834816883
531834816883
631834816883
81834816883
781834816883
23457816883
33457816883
533457816883
833457816883
35613276883
75613276883
38613276883
738613276883
54813276883
13536676883
213536676883
68636676883
368636676883
66132738317
86132738317
186132738317
18732738317
66426738317
42427662617
62427662617
762427662617
21273233617
421273233617
721273233617
31273233617
831273233617
54273233617
64273233617
72427233617
54867812347
154867812347
354867812347
12181833347
56435675347
456435675347
66435675347
63635675347
18616237547
518616237547
48616237547
348616237547
37237237547
837237237547
65337237547
13876537547
213876537547
513876537547
63876537547
463876537547
73876537547
273876537547
373876537547
673876537547
18315187547
51365187547
451365187547
51546275167
73546275167
673546275167
36546275167
66546275167
76546275167
876546275167
53613578167
45613578167
845613578167
65613578167
165613578167
86451332467
53181332467
12781332467
38453732467
68186342467
383642186113
626645661613
356645661613
456645661613
264242313613
3264242313613
576572313613
7576572313613
815451813613
7815451813613
345451813613
5345451813613
327561813613
4327561813613
6327561813613
335756373613
735756373613
215786373613
6215786373613
335786373613
4335786373613
6335786373613
7335786373613
615636631223
275133381223
165378184523
5165378184523
321867368443
4321867368443
421867368443
8421867368443
333312375743
784212336353
231816543853
3231816543853
4231816543853
627215367853
684516387853
7684516387853
637816387853
2637816387853
387816387853
3387816387853
615162366173
3615162366173
545162366173
7545162366173
421656666173
3421656666173
166656666173
666656666173
766656666173
3766656666173
326316336373
3326316336373
786316336373
8786316336373
518427573673
6518427573673
438427573673
687564234673
766864234673
3766864234673
837864234673
387864234673
6387864234673
487864234673
2487864234673
5487864234673
765484384673
531834816883
3531834816883
631834816883
781834816883
533457816883
1533457816883
3533457816883
4533457816883
833457816883
6833457816883
738613276883
213536676883
1213536676883
7213536676883
368636676883
186132738317
762427662617
8762427662617
421273233617
5421273233617
721273233617
831273233617
154867812347
6154867812347
8154867812347
354867812347
6354867812347
456435675347
2456435675347
5456435675347
518616237547
7518616237547
348616237547
837237237547
213876537547
1213876537547
513876537547
7513876537547
463876537547
5463876537547
8463876537547
273876537547
373876537547
673876537547
2673876537547
451365187547
673546275167
876546275167
845613578167
7845613578167
165613578167
3264242313613
13264242313613
33264242313613
7576572313613
7815451813613
5345451813613
15345451813613
65345451813613
4327561813613
34327561813613
6327561813613
16327561813613
6215786373613
16215786373613
4335786373613
84335786373613
6335786373613
36335786373613
66335786373613
7335786373613
5165378184523
65165378184523
4321867368443
24321867368443
84321867368443
8421867368443
3231816543853
13231816543853
33231816543853
4231816543853
34231816543853
7684516387853
67684516387853
2637816387853
72637816387853
3387816387853
3615162366173
7545162366173
3421656666173
3766656666173
23766656666173
3326316336373
8786316336373
78786316336373
6518427573673
16518427573673
3766864234673
6387864234673
2487864234673
5487864234673
65487864234673
3531834816883
1533457816883
3533457816883
73533457816883
4533457816883
6833457816883
16833457816883
46833457816883
1213536676883
7213536676883
57213536676883
8762427662617
5421273233617
15421273233617
6154867812347
86154867812347
8154867812347
78154867812347
6354867812347
66354867812347
2456435675347
5456435675347
7518616237547
37518616237547
1213876537547
7513876537547
37513876537547
5463876537547
65463876537547
75463876537547
8463876537547
38463876537547
48463876537547
78463876537547
2673876537547
12673876537547
7845613578167
57845613578167
13264242313613
33264242313613
633264242313613
15345451813613
615345451813613
65345451813613
34327561813613
16327561813613
816327561813613
16215786373613
516215786373613
84335786373613
784335786373613
36335786373613
136335786373613
636335786373613
66335786373613
65165378184523
24321867368443
84321867368443
13231816543853
313231816543853
33231816543853
633231816543853
34231816543853
67684516387853
667684516387853
72637816387853
23766656666173
78786316336373
16518427573673
65487864234673
165487864234673
73533457816883
16833457816883
46833457816883
546833457816883
57213536676883
15421273233617
315421273233617
86154867812347
78154867812347
66354867812347
366354867812347
37518616237547
37513876537547
637513876537547
65463876537547
75463876537547
275463876537547
38463876537547
48463876537547
78463876537547
12673876537547
212673876537547
57845613578167
633264242313613
6633264242313613
615345451813613
8615345451813613
816327561813613
516215786373613
784335786373613
136335786373613
636335786373613
313231816543853
5313231816543853
633231816543853
667684516387853
165487864234673
546833457816883
4546833457816883
315421273233617
2315421273233617
3315421273233617
6315421273233617
366354867812347
637513876537547
275463876537547
1275463876537547
4275463876537547
212673876537547
6633264242313613
8615345451813613
78615345451813613
5313231816543853
4546833457816883
2315421273233617
3315421273233617
53315421273233617
63315421273233617
6315421273233617
66315421273233617
86315421273233617
1275463876537547
51275463876537547
4275463876537547
24275463876537547
84275463876537547
78615345451813613
53315421273233617
63315421273233617
66315421273233617
86315421273233617
686315421273233617
51275463876537547
351275463876537547
24275463876537547
624275463876537547
84275463876537547
686315421273233617
351275463876537547
624275463876537547
Se cierra el ciclo
